50
2
2 2
3
3 2 2
3
1 1 2
3
2 3 1
19
60 55 56 37 51 49 52 62 43 66 44 53 51 55 56 56 45 52 51
26
196 189 179 19 14 20 17 23 26 23 15 21 20 15 19 23 21 23 17 16 19 19 14 15 20 17
3
4 2 3
14
64 65 66 77 63 77 68 71 76 63 81 59 78 83
3
1 2 1
26
47 30 42 27 43 31 49 34 43 40 41 31 43 37 43 37 37 46 35 31 45 37 37 38 33 43
10
9 1 9 1 9 1 9 1 9 1
26
22 16 30 19 20 33 14 16 250 25 27 17 21 24 25 21 25 19 20 20 251 21 15 20 15 14
26
17 132 24 20 113 20 16 22 19 13 25 17 118 24 116 14 18 17 23 17 19 120 20 24 17 15
26
20 1 20 1 20 1 20 1 20 1 20 1 20 1 20 1 20 1 20 1 20 1 20 1 20 1
3
2 2 1
26
105 126 105 120 125 22 18 24 19 15 20 22 12 18 23 27 16 24 14 23 21 23 24 22 17 15
19
51 60 49 57 53 45 57 53 51 57 50 64 50 57 47 55 47 47 41
26
38 40 31 44 34 40 41 40 39 33 26 42 40 45 44 33 37 39 42 40 34 35 37 42 41 37
26
126 102 115 127 110 19 16 28 24 16 18 10 22 16 20 21 31 19 21 24 17 26 15 16 15 26
26
1 1 1 1 1 1 1 1 1 1 1 1 1 1 1 1 1 1 1 1 1 1 1 1 1 1
2
1 1
18
49 56 62 58 59 67 53 60 45 47 55 45 57 51 56 48 64 59
3
2 4 2
16
1 1 1 1 1 1 1 1 1 1 1 1 15 1 1 1
22
46 47 58 48 54 42 50 48 40 43 45 39 38 41 39 39 45 41 47 50 56 37
2
3 3
26
40 40 45 41 39 40 49 34 32 46 43 33 23 35 51 38 31 40 37 38 34 44 38 31 34 44
26
25 1 1 1 1 1 1 1 1 1 1 1 1 1 1 1 1 1 1 1 1 1 1 1 1 1
26
41 51 26 35 29 33 26 41 45 48 36 41 45 33 39 35 34 38 46 36 40 46 41 36 35 44
26
37 40 39 45 46 37 27 40 40 29 28 38 38 40 39 37 50 34 36 44 31 52 39 48 37 29
22
43 46 46 50 44 47 45 45 38 42 44 43 46 41 45 50 50 45 53 47 46 37
8
124 128 150 93 137 131 124 110
3
3 1 2
3
1 2 3
4
236 250 250 261
3
3 4 2
17
50 61 53 60 54 62 55 51 53 62 50 56 70 81 66 58 54
25
40 40 32 37 42 39 46 53 48 36 34 44 41 31 45 41 43 41 37 39 41 38 35 44 28
19
68 44 52 43 54 65 51 50 53 59 52 68 45 44 43 49 49 53 51
26
154 141 132 139 23 18 16 19 11 22 12 24 21 23 23 28 23 15 20 22 15 20 18 12 25 24
26
35 32 33 36 40 32 37 35 40 44 41 41 41 49 42 34 42 34 33 39 38 34 38 40 48 42
2
4 4
7
143 142 151 121 139 152 150
26
103 16 24 19 19 22 131 22 115 16 26 19 19 17 119 14 25 21 24 120 22 16 20 14 12 25
6
169 148 166 168 186 162
3
1 3 4
26
39 45 31 32 42 39 42 47 44 31 26 45 30 33 38 57 42 32 35 40 40 34 36 46 37 37
26
33 50 54 40 38 31 47 30 35 39 32 49 39 26 35 35 40 48 38 38 42 34 36 40 40 31
21
51 47 44 55 46 50 42 43 43 57 46 41 48 45 54 55 53 58 33 38 50
26
15 18 21 183 18 24 170 17 15 11 14 16 18 15 22 26 13 24 20 22 214 21 21 21 25 16
