100
2 3 2
1 1 1
2 1 2
3 2 3
100 1 100
2 22 2
17 14 17
55 6 55
26 7 26
4 1 4
32 5 32
60 2 60
7 21 7
16 1 16
40 4 40
3 37 3
30 7 30
21 2 21
19 14 19
13 9 13
30 2 30
10 5 10
76 4 76
82 4 82
2 14 2
25 1 25
64 2 64
4 2 4
16 12 16
1 2 1
4 4 4
3 4 3
3 1 3
67 9 67
42 6 42
3 15 3
14 7 14
16 11 16
12 11 12
75 9 75
100 3 100
63 7 63
1 91 1
14 15 14
1 16 1
2 30 2
30 6 30
29 3 29
4 22 4
59 5 59
14 8 14
1 4 1
5 7 5
41 5 41
32 3 32
44 10 44
2 15 2
10 18 10
93 3 93
100 9 100
4 29 4
97 9 97
80 8 80
20 7 20
2 4 2
19 1 19
52 7 52
2 52 2
96 9 96
93 8 93
1 100 1
61 5 61
100 5 100
69 8 69
21 3 21
11 7 11
100 2 100
1 3 1
2 59 2
100 4 100
45 8 45
17 10 17
67 8 67
5 18 5
15 14 15
49 2 49
4 3 4
3 3 3
4 20 4
51 1 51
2 2 2
100 6 100
5 6 5
3 18 3
14 5 14
61 1 61
4 28 4
75 1 75
1 6 1
1 57 1
