100
1 1
540 600
840 900
2 0
900 1260
180 540
1 1
1439 1440
0 1
2 0
368 703
950 1058
0 2
835 1183
728 835
0 2
428 614
79 428
2 0
959 1057
535 593
1 0
885 1436
2 0
259 326
326 489
0 1
381 532
0 2
11 361
1080 1440
2 0
690 986
504 664
2 0
970 1119
1391 1440
2 0
1 314
624 751
0 2
180 540
541 901
1 1
646 784
784 992
0 1
607 787
1 0
1340 1440
2 0
253 299
1126 1440
0 2
540 900
180 540
0 2
10 360
1080 1440
0 2
1439 1440
0 1
0 2
931 1440
797 835
2 0
100 370
370 426
0 2
1401 1440
629 727
2 0
896 1297
1297 1440
2 0
754 1126
1438 1440
0 2
977 1440
683 826
0 2
359 625
633 953
2 0
844 1247
1247 1440
0 2
580 691
280 506
2 0
865 906
396 865
0 1
1422 1440
2 0
543 764
66 543
2 0
452 1089
163 227
1 0
832 1374
0 2
1383 1390
1390 1440
1 1
45 61
314 830
0 2
942 1440
902 942
0 2
659 926
1364 1440
2 0
773 819
819 1440
0 2
1279 1440
535 591
2 0
1200 1419
1103 1200
0 1
360 966
2 0
266 320
551 870
0 2
397 593
64 75
0 2
0 360
1080 1440
2 0
1336 1404
1404 1440
0 2
783 883
883 931
0 2
795 839
839 1400
1 0
905 1440
1 0
237 782
2 0
1244 1339
1339 1440
2 0
1170 1240
1240 1440
2 0
921 1440
798 921
2 0
405 495
495 686
1 1
89 784
1346 1440
0 2
1258 1440
458 878
2 0
92 247
1259 1440
0 1
1159 1440
0 2
1224 1440
56 81
0 2
777 1065
1065 1440
1 1
0 1
1439 1440
1 0
50 80
2 0
73 437
1332 1440
0 2
904 1440
763 904
0 2
1192 1240
1240 1440
0 2
929 1191
752 917
2 0
10 360
1080 1430
0 2
1222 1440
967 1222
1 1
282 314
1434 1440
2 0
1096 1440
539 553
1 0
743 1440
0 2
283 506
506 722
0 2
1000 1124
538 1000
1 0
1039 1440
2 0
11 361
1080 1430
2 0
252 743
1297 1440
2 0
0 360
1080 1430
2 0
0 360
1079 1429
2 0
1120 1312
317 800
0 2
1290 1368
1263 1290
0 2
1006 1181
1181 1440
2 0
1291 1440
1209 1291
2 0
10 360
1079 1429
2 0
1330 1341
1341 1440
2 0
1412 1440
1008 1182
2 0
1224 1440
1022 1224
0 2
517 640
1171 1440
0 2
179 539
540 900
0 2
803 1072
1133 1440
0 2
1422 1440
837 1422
2 0
1439 1440
0 1
0 2
283 630
630 1001
2 0
1202 1440
1094 1202
0 2
1179 1440
629 1044
2 0
512 834
1016 1098
2 0
330 350
350 591
2 0
644 857
1057 1245
1 1
1379 1440
973 1379
