100
4 2
5 2
6 2
1000 1000
1000 1
2 1
917 900
500 255
671 623
798 680
1000 128
999 488
999 128
424 353
600 474
747 715
500 206
999 511
437 341
1000 499
500 500
500 2
671 542
522 407
500 244
391 296
357 284
999 487
634 599
488 444
274 250
1000 255
1 1
1000 511
574 486
643 633
500 499
1000 999
500 248
500 256
971 800
500 249
999 999
946 839
1000 489
5 1
500 116
449 403
1000 512
500 128
4 1
999 498
673 630
999 2
983 835
317 308
2 2
500 1
500 250
753 666
755 567
704 673
711 625
683 531
468 368
1000 506
999 512
500 245
799 795
673 604
999 1
1000 2
694 622
603 511
999 420
999 127
1000 500
1000 488
500 117
523 470
500 127
3 2
1000 256
1000 127
527 483
999 256
592 483
999 255
450 398
3 1
999 998
999 499
500 101
1000 498
392 311
999 506
1000 388
544 459
999 497
394 370
